-0.992622,-9.86878e-34,-0.121294,0,-7.50237e-39,1,-8.1362e-33,0,0.121294,-8.07618e-33,-0.992622,0,24.8651,1.31804e-33,0.161973,1|
-0.992622,-9.86878e-34,-0.121294,0,-7.50237e-39,1,-8.1362e-33,0,0.121294,-8.07618e-33,-0.992622,0,24.8651,1.31804e-33,0.161973,1|
-0.835595,-4.46971e-33,-0.54936,0,-7.50237e-39,1,-8.1362e-33,0,0.54936,-6.79857e-33,-0.835595,0,24.855,2.77341e-33,0.340847,1|
-0.572219,-6.67259e-33,-0.820111,0,-7.50237e-39,1,-8.1362e-33,0,0.820111,-4.65569e-33,-0.572219,0,25.3585,8.64528e-33,1.06255,1|
-0.168399,-8.02008e-33,-0.985728,0,-7.50237e-39,1,-8.1362e-33,0,0.985728,-1.37012e-33,-0.168399,0,25.5239,1.65044e-32,2.02849,1|
0.637157,-6.27094e-33,-0.770746,0,-7.50237e-39,1,-8.1362e-33,0,0.770746,5.18404e-33,0.637157,0,25.2787,2.82143e-32,3.46773,1|
0.999811,1.6272e-34,0.0199988,0,-7.50237e-39,1,-8.1362e-33,0,-0.0199988,8.13466e-33,0.999811,0,16.4998,3.31097e-32,4.06933,1|